138    135
139    135
139    135
139    135
139    135
139    135
134    150
132    162
130    168
130    168
130    169
130    169
130    169
132    161
136    149
136    149
146    116
147    114
147    114
147    114
147    114
147    114
147    116
145    133
144    145
144    145
145    174
145    174
145    176
146    176
146    176
146    176
149    163
152    151
155    140
159    129
159    129
167    109
169    106
169    106
169    106
169    106
169    106
166    117
164    134
163    142
163    153
163    162
163    169
355    169
164    170
165    167
168    157
172    142
172    142
187    103
190    100
190    100
190    100
190    100
190    100
188    103
179    124
173    139
167    153
163    166
160    176
159    181
159    181
159    180
159    180
159    180
159    180
158    178
156    174
156    174
150    161
145    149
143    140
142    131
140    119
139    110
139    110
140    104
139    105
139    104
139    104
135    134
133    151
132    167
131    180
131    180
131    196
132    196
132    196
131    192
129    186
127    175
124    163
124    163
122    129
122    129
124    101
126    87
126    87
127    87
127    87
127    87
126    90
124    97
124    97
117    133
112    163
112    169
112    171
112    171
112    171
112    171
112    171
112    169
112    169
112    145
118    98
119    96
119    96
119    96
119    100
118    109
118    109
107    146
107    146
107    148
107    148
107    148
107    148
96     148
90     149
85     150
85     150
85     150
85     150
85     150
85     150
82     156
77     171
75     182
253    193
254    194
254    194
253    2
258    201
257    199
257    195
257    1
72     162
72     143
72     123
73     109
74     95
256    1
77    74
78    73
77    73
77    73
77    73
255    3
75    79
72    94
69    112
255   125
258   2
58    2
70    177
70    177
70    177
70    177
250    131
247    124
247    122
250    118
250    118
252    118
88    207
95    219
100    225
102    225
102    225
102    225
102    225
102    225
103    224
103    224
103    224
108    198
108    198
121    157
128    139
139    116
139    116
143    114
144    114
145    113
150    104
150    104
165    83
165    83
170    80
170    80
170    80
170    80
167    87
164    99
161    116
159    133
159    133
160    152
161    153
161    155
253    0
153    0
171    199
172    199
253    1
172    199
172    199
172    199
171    186
171    186
257    3
256    1
256    1
156    1
183    115
253    1
183    115
183    114
183    114
183    115
183    115
183    114
183    115
183    115
183    115
183    115
183    115
183    115
183    115
183    115
283    115
249    1
257    1
183    115
183    115
183    115
183    115
258    2
258    16
183    115
183    115
183    115
183    115
183    115
178    183
178    183
257    2
178    184
178    183
178    184
257    2
178    183
170    182
257    3
257    3
145    178
162    173
117    176
111    176
257    2
94    176
87    176
161    176
72    177
94    206
88    208
88    208
103    209
107    206
252    0
152    0
167    191
177    191
184    192
188    193
190    197
190    197
183    209
185    210
188    210
190    206
190    206
194    194
196    194
196    194
